1989 1914 1993
1851 1872 1894
1838 1837  247
1837 1852  247
1948 1838  247
1852 1965  247
1965 1948  247
1909 1804 1929
 249 1873 1872
1792 1794  249
1851 1792  249
 249 1794 1910
 249 1872 1851
1910 1873  249
1752 1785 1942
1955 1741 1988
1736 1845 1870
1728 1727  208
1727 1861  208
1892 1728  208
1861 1892  208
1676 1792 1851
1689 1690  410
 410 1894 1689
1675 1676  410
1690 1675  410
1676 1851  410
1851 1894  410
1645 1647  177
1857 1645  177
 177 1647 1702
1679 1681  177
 177 1702 1679
 177 1681 1857
1755 1621 1964
1674 1620 1995
1609 1772 1911
1635 1597 1668
1701 1583 1723
1571 1834 1992
 886  821 1936
886 888 338
819 821 338
888 819 338
338 821 886
1729 1731  395
820 819 395
 819 1472  395
1731  820  395
1472 1572  395
1572 1729  395
820 821 819
 888 1472  819
  98 1937 1936
 98 821 820
 820 1748   98
1936  821   98
1748 1937   98
1731 1748  820
1560 1559  138
 138 1559 1803
1936 1560  138
887 886 138
 886 1936  138
1803  887  138
887 888 886
125 888 887
 887 1834  125
 125 1472  888
1571 1472  125
 125 1834 1571
1803 1834  887
1571 1572 1472
 488 1871 1870
1845 1844  488
1552 1554  488
 488 1839 1552
1554 1938  488
1844 1839  488
1870 1845  488
 488 1938 1871
1019 1021  203
1839 1019  203
1021 1839  203
1844 1846  379
1020 1019  379
 379 1019 1844
1545 1020  379
1803 1545  379
 379 1834 1803
1992 1834  379
1846 1992  379
1020 1021 1019
1844 1019 1839
1553 1552   68
  68 1021 1020
1020 1546   68
1552 1021   68
1546 1553   68
1545 1546 1020
1552 1839 1021
1563 1564  435
1896 1563  435
1539 1538  435
1538 1896  435
1564 1539  435
 128 1818 1817
1817 1962  128
1532 1534  128
 128 1629 1532
1534 1818  128
 128 1962 1629
1626 1628  345
1527 1528  345
1677 1527  345
1528 1626  345
1628 1796  345
 345 1796 1677
1565 1524 1783
1343 1848 1904
1343 1345   51
  51 1848 1343
1345 1527   51
1527 1678   51
1678 1751   51
1522 1523   51
1751 1522   51
1523 1848   51
1777 1779   94
1904 1777   94
1779 1894   94
1344 1343   94
1343 1904   94
1872 1344   94
1894 1872   94
1344 1345 1343
  72 1345 1344
1344 1873   72
  72 1528 1345
1800 1528   72
1873 1800   72
1872 1873 1344
1345 1528 1527
1520 1627 1827
  74 1827 1826
1521 1520   74
1520 1827   74
1826 1521   74
 188 1591 1590
1516 1517  188
1590 1516  188
1517 1544  188
1544 1863  188
 188 1863 1591
 459 1802 1801
1501 1502  459
1801 1501  459
1502 1573  459
1573 1587  459
 459 1587 1802
1149 1512 1981
1149 1150  466
 466 1512 1149
1150 1506  466
1506 1512  466
1054 1056   77
  77 1531 1054
1056 1149   77
1149 1981   77
  77 1568 1531
  77 1981 1568
  73 1955 1954
1055 1054   73
1054 1530   73
1885 1055   73
1530 1741   73
  73 1741 1955
1954 1885   73
1055 1056 1054
1054 1531 1530
1496 1498  144
 144 1056 1055
1055 1496  144
 144 1150 1056
 144 1507 1150
1498 1507  144
1885 1496 1055
1056 1150 1149
1150 1507 1506
1492 1494  197
1594 1492  197
1494 1719  197
1719 1594  197
1573 1483 1587
1519 1476 1813
1473 1475  332
1823 1473  332
1475 1997  332
 332 1731 1730
 332 1730 1823
 332 1748 1731
 332 1997 1748
1644 1643  375
1643 1725  375
1808 1644  375
1463 1462  375
1462 1984  375
 375 1725 1463
1984 1808  375
1453 1461 1990
1451 1453  181
1990 1451  181
1453 1990  181
1290 1291   41
1812 1290   41
609 611  41
1291  609   41
 611 1812   41
1555 1557  244
1648 1555  244
1557 1924  244
610 609 244
 609 1648  244
1508  610  244
1924 1508  244
610 611 609
1291 1648  609
1447 1449  254
1578 1447  254
1449 1541  254
1541 1634  254
254 611 610
 610 1509  254
1634  611  254
 254 1509 1578
1508 1509  610
1634 1812  611
 975 1555 1648
1556 1555  445
975 977 445
 445 1555  975
 977 1561  445
1561 1556  445
976 975 114
 975 1648  114
 114 1291  976
 114 1648 1291
976 977 975
 131 1923 1922
131 977 976
 976 1290  131
 131 1922  977
1290 1923  131
 976 1291 1290
 977 1922 1561
1812 1923 1290
1439 1589 1958
1846 1437 1992
1437 1439  455
1992 1437  455
1439 1958  455
 455 1572 1571
1571 1992  455
 455 1958 1572
  53 1846 1845
1438 1437   53
  53 1437 1846
1810 1438   53
1736 1738   53
  53 1845 1736
1738 1810   53
1438 1439 1437
1395 1638 1737
1394 1516 1590
1482 1393 1957
1389 1492 1594
1387 1539 1564
1386 1460 1855
1385 1402 1795
1433 1374 1609
1497 1369 1708
1709 1368 1756
1361 1481 1718
1530 1352 1741
1352 1354  264
1741 1352  264
1354 1988  264
1988 1741  264
1347 1820 1915
1346 1348  119
1360 1346  119
 119 1348 1757
 119 1757 1360
1347 1346  267
1346 1361  267
 267 1820 1347
1361 1718  267
1718 1820  267
1347 1348 1346
1360 1361 1346
1365 1341 1919
1339 1925 1979
1493 1492  354
1389 1388  354
1318 1317  354
1317 1493  354
1388 1318  354
 354 1492 1389
1313 1592 1788
1396 1296 1811
1147 1895 1944
1146 1148   48
  48 1840 1146
1148 1688   48
1688 1890   48
  48 1862 1840
1371 1372   48
1890 1371   48
  48 1372 1862
1072 1413 1943
1147 1146  495
1071 1073  495
1146 1071  495
 495 1073 1786
 495 1895 1147
1786 1796  495
 495 1796 1895
1414 1413    7
1072 1071    7
1071 1840    7
   7 1413 1072
586 588   7
1840  586    7
   7  588 1414
587 586 464
 586 1862  464
1398  587  464
 464 1599 1398
1862 1599  464
587 588 586
1840 1862  586
1277 1279  147
 147 1900 1277
147 588 587
 587 1399  147
1279  588  147
1399 1582  147
1582 1900  147
1398 1399  587
1414  588 1279
1072 1073 1071
1146 1840 1071
1943 1942  103
 103 1073 1072
1072 1943  103
1785 1073  103
1942 1785  103
1786 1073 1785
1147 1148 1146
  44 1148 1147
1147 1944   44
1687 1148   44
1912 1687   44
1944 1912   44
1687 1688 1148
 178 1439 1438
643 645 178
1438  643  178
 645 1488  178
 178 1589 1439
1488 1589  178
644 643 269
 269  643 1810
1847  644  269
1526 1525  269
1525 1847  269
1376 1378  269
 269 1810 1376
1378 1526  269
644 645 643
1810  643 1438
1257 1256  253
1256 1515  253
253 645 644
 644 1257  253
1487  645  253
 253 1515 1487
1847 1257  644
1487 1488  645
1255 1254  132
1254 1516  132
1482 1255  132
 132 1394 1393
 132 1393 1482
 132 1516 1394
1774 1775  443
1253 1252  443
 443 1252 1774
1921 1253  443
1775 1921  443
1365 1367  457
1339 1341  457
 457 1925 1339
 457 1341 1365
1248 1250  457
 457 1367 1248
 457 1250 1925
1335 1247 1514
 831 1486 1842
1249 1248  101
898 900 101
773 775 101
1248  773  101
101 775 898
 900 1249  101
 361 1367 1366
 361 1366 1869
774 773 361
 773 1367  361
1246  774  361
1999 1246  361
 361 1869 1999
774 775 773
1248 1367  773
830 832 423
 423 1335  830
423 775 774
 774 1247  423
832 775 423
 423 1247 1335
1246 1247  774
898 775 832
831 830  75
 830 1334   75
  75 1486  831
  75 1334 1486
831 832 830
 830 1335 1334
1878 1877    9
   9 1877 1886
899 898   9
  9 832 831
 831 1842    9
898 832   9
   9 1471  899
   9 1985 1471
1842 1878    9
   9 1886 1985
899 900 898
 66 900 899
 899 1470   66
1682  900   66
  66 1330 1329
1329 1682   66
1470 1330   66
 899 1471 1470
1682 1249  900
1228 1920 1970
1220 1222  187
1635 1220  187
1222 1684  187
1595 1597  187
1684 1595  187
 187 1597 1635
 296 1747 1746
1448 1447  296
1047 1049  296
1447 1047  296
1049 1747  296
1746 1448  296
1221 1220   80
1048 1047   80
  80 1047 1578
1220 1048   80
1578 1221   80
1048 1049 1047
1578 1047 1447
 315 1668 1667
 315 1049 1048
 315 1048 1635
1667 1049  315
1635 1668  315
1635 1048 1220
1667 1747 1049
1221 1222 1220
1216 1632 1772
1215 1754 1952
 263 1509 1508
 263 1222 1221
1221 1509  263
1183 1185  263
1303 1183  263
1185 1222  263
1508 1303  263
1184 1183  242
 242 1183 1304
 242 1893 1184
 242 1304 1714
 242 1714 1973
1973 1893  242
1184 1185 1183
1304 1183 1303
1166 1165  275
1165 1342  275
1869 1166  275
1342 1624  275
1624 1869  275
 600  519 1321
1165  518 1342
600 602  18
517 519  18
1051  517   18
 18 519 600
 602 1051   18
518 517 257
 517 1625  257
1342  518  257
 257 1625 1342
518 519 517
1051 1625  517
1366 1365  461
1365 1919  461
505 507 461
1444  505  461
 461  507 1166
1166 1366  461
1919 1444  461
1596 1595  496
506 505 496
 505 1445  496
 496 1322  506
1595 1322  496
1445 1982  496
 496 1982 1596
506 507 505
1444 1445  505
444 507 506
 506 1321  444
1165  507  444
444 519 518
 444  518 1165
1321  519  444
 506 1322 1321
1166  507 1165
1321 1322  499
 499 1185 1184
601 600 499
 600 1321  499
1184  601  499
 499 1684 1185
 499 1322 1684
601 602 600
433 602 601
 601 1893  433
1050  602  433
1920 1050  433
1893 1970  433
1970 1920  433
1184 1893  601
1050 1051  602
1624 1625   50
1999 1624   50
1113 1114   50
  50 1051 1050
1050 1113   50
  50 1625 1051
  50 1114 1999
1920 1113 1050
1180  884 1338
840 842 255
 255 1586  840
 842 1714  255
1714 1586  255
1557  797 1924
797 796 491
 796 1586  491
1924  797  491
1304 1303  491
 491 1303 1924
1586 1304  491
758 757 234
 234  757 1876
884 758 234
1338  884  234
1876 1338  234
841 840 169
699 701 169
796 699 169
701 841 169
840 796 169
 453 1557 1556
1556 1562  453
700 699 453
453 699 797
757 700 453
1562  757  453
 453  797 1557
700 701 699
797 699 796
511 513 460
 460 1228  511
 513 1113  460
 460 1113 1920
 460 1920 1228
 91 701 700
 91 700 758
  91 1227  701
758 885  91
512 511  91
 511 1227   91
885 512  91
512 513 511
 511 1228 1227
 233 1247 1246
233 513 512
 233  512 1514
 233 1114  513
1246 1114  233
1514 1247  233
1514  512  885
 513 1114 1113
758 700 757
 701 1227  841
1876  757 1562
884 885 758
 840 1586  796
841 842 840
1227 1228  135
135 842 841
 841 1227  135
1973  842  135
1228 1970  135
 135 1970 1973
1973 1714  842
1334 1335  363
1485 1334  363
1335 1514  363
1180 1182  363
363 885 884
 363  884 1180
1514  885  363
1182 1485  363
1999 1114 1246
1869 1366 1166
1272 1024 1464
1280 1282   76
1568 1280   76
989 991  76
1282  989   76
 991 1286   76
1286 1568   76
 871  576 1693
871 872  38
574 576  38
  38 1397  574
 38 576 871
 872 1598   38
1598 1397   38
575 574 337
 574 1396  337
1263  575  337
1811 1263  337
1396 1811  337
575 576 574
 574 1397 1396
1816 1815  281
 281 1182 1181
1181 1693  281
 281 1815 1182
281 576 575
 575 1264  281
1693  576  281
 281 1264 1994
 281 1994 1816
1263 1264  575
1951  853 1977
 852 1026 1972
1181  727 1693
1024 1026   37
1464 1024   37
852 854  37
  37 1026  852
854 871  37
 871 1693   37
727 729  37
1693  727   37
 729 1464   37
1181 1180  139
1180 1338  139
728 727 139
 139  727 1181
1338  728  139
728 729 727
1383 1385  477
1922 1383  477
1385 1795  477
477 729 728
 477  728 1876
 477 1795  729
 477 1562 1561
1561 1922  477
1876 1562  477
1876  728 1338
 729 1795 1464
990 989 427
 989 1977  427
 427 1972  990
853 852 427
 852 1972  427
1977  853  427
853 854 852
493 854 853
 493  853 1951
493 872 854
1694  872  493
1951 1694  493
854 872 871
1694 1598  872
990 991 989
1282 1977  989
291 991 990
917 919 291
990 917 291
919 945 291
 945 1440  291
1285  991  291
1440 1285  291
652 653 152
 152 1791  652
 152  653 1976
1976 1791  152
571 573 297
1815  571  297
573 652 297
 652 1790  297
1790 1842  297
1486 1485  297
1485 1815  297
1842 1486  297
572 571 165
 165  571 1816
1833  572  165
1816 1947  165
1947 1833  165
572 573 571
1816  571 1815
918 917 151
 917 1972  151
151 573 572
572 918 151
151 653 573
1975  653  151
 151 1026 1025
 151 1025 1975
1972 1026  151
1833  918  572
573 653 652
 652 1791 1790
1976  653 1975
918 919 917
 990 1972  917
311 919 918
 311  918 1833
944 919 311
 311 1928  944
1833 1928  311
944 945 919
1225 1224  336
1199 1198  336
336 945 944
 944 1927  336
1198  945  336
1224 1199  336
1927 1225  336
 944 1928 1927
1198 1440  945
1285 1286  991
1272 1274  230
1025 1024  230
 230 1024 1272
981 983 230
 230 1686  981
 983 1025  230
1274 1991  230
 230 1991 1686
 202 1581 1580
 202 1580 1908
982 981 202
 981 1581  202
1235  982  202
1211 1212  202
 202 1908 1211
1212 1235  202
982 983 981
 981 1686 1581
1976 1975  166
166 983 982
 166  982 1236
1975  983  166
1236 1324  166
 166 1324 1976
1236  982 1235
1975 1025  983
1025 1026 1024
1181 1182 1180
1182 1815 1485
1185 1684 1222
 176 1647 1646
1061 1063  176
1535 1061  176
1063 1647  176
1646 1535  176
1368 1370  102
1756 1368  102
1062 1061  102
 102 1061 1536
1370 1062  102
1536 1756  102
1062 1063 1061
1536 1061 1535
 952 1885 1954
 951 1062 1370
342 953 952
 952 1954  342
660 662 342
764 660 342
342 662 953
1954  764  342
 374 1354 1353
892 894 374
1353  892  374
661 660 374
660 765 374
374 894 661
 765 1354  374
661 662 660
764 765 660
770 772 355
355 662 661
661 770 355
772 662 355
661 894 770
953 662 772
111 765 764
 764 1955  111
 111 1988  765
1955 1988  111
1954 1955  764
 765 1988 1354
1680 1679  276
276 894 893
 893 1008  276
771 770 276
770 894 276
1679  771  276
1008 1680  276
771 772 770
 262 1063 1062
951 953 262
 262 1062  951
262 772 771
 771 1702  262
953 772 262
1702 1063  262
1679 1702  771
893 892 199
 199  892 1726
1007  893  199
1198 1007  199
 199 1440 1198
 199 1726 1440
893 894 892
1726  892 1353
1007 1008  893
1497 1496  421
 421 1496 1885
 421 1370 1369
 421 1369 1497
952 951 421
 951 1370  421
 421 1885  952
952 953 951
 339 1008 1007
 339 1007 1199
920 922 339
1199  920  339
 922 1008  339
1224 1226  335
921 920 335
 335  920 1224
1226  921  335
921 922 920
1224  920 1199
 260 1681 1680
 260 1436 1435
1435 1681  260
260 922 921
 260  921 1436
 260 1680  922
1436  921 1226
 922 1680 1008
1199 1007 1198
1702 1647 1063
1205 1207    6
1297 1205    6
1207 1774    6
   6 1240 1239
   6 1239 1297
1774 1240    6
1204 1255 1482
1202 1204   46
1331 1202   46
1204 1482   46
  46 1868 1331
1482 1957   46
1957 1868   46
 522 1202 1331
1283  521 1865
1245 1244   84
520 522  84
1189  520   84
 522 1331   84
1244 1189   84
1295 1245   84
1331 1295   84
1866 1865   31
521 520  31
 520 1190   31
1865  521   31
  31 1190 1685
1685 1866   31
521 522 520
1189 1190  520
1203 1202  158
158 522 521
 158  521 1283
 158 1202  522
1283 1203  158
 465 1907 1906
1177 1179  465
1906 1177  465
1179 1950  465
 465 1950 1907
1178 1177  483
 483 1177 1926
1481 1178  483
1718 1481  483
 483 1821 1718
1926 1821  483
1178 1179 1177
1926 1177 1906
1544 1175 1863
1763 1762  308
1164 1163  308
1163 1763  308
1734 1164  308
1762 1734  308
1152 1151  251
 251 1151 1162
1501 1152  251
1162 1501  251
1137 1138  389
 389 1882 1137
1138 1636  389
1636 1882  389
1135 1787 1974
1861 1134 1892
 570 1735 1836
 568 1728 1892
 364 1602 1601
 364 1601 1728
 364 1652 1602
1836 1652  364
568 570 364
 364 1728  568
 570 1836  364
1134 1136   52
1892 1134   52
  52 1136 1325
569 568  52
 568 1892   52
1163  569   52
1325 1163   52
569 570 568
 21 570 569
  21  569 1164
  21 1735  570
1164 1735   21
1164  569 1163
1431  950 1860
1380 1379    1
   1 1379 1638
   1 1431 1380
948 950   1
1395  948    1
   1  950 1431
   1 1638 1395
1110 1112  133
949 948 133
 948 1110  133
1112  949  133
949 950 948
1395 1110  948
 811 1614 1813
1601 1600  309
1600 1860  309
1727 1601  309
309 950 949
 949 1614  309
1860  950  309
811 813 309
 309 1614  811
 813 1727  309
812 811 261
 811 1813  261
1476  812  261
1813 1476  261
812 813 811
246 813 812
 246  812 1477
 246 1861  813
1477 1654  246
1654 1787  246
1135 1134  246
 246 1134 1861
 246 1787 1135
1477  812 1476
 813 1861 1727
1112 1614  949
1737 1736  323
1736 1870  323
1111 1110  323
 323 1110 1395
1870 1111  323
1395 1737  323
1111 1112 1110
1518 1519   32
1871 1518   32
1519 1813   32
  32 1112 1111
1111 1871   32
  32 1614 1112
1813 1614   32
1870 1871 1111
1135 1136 1134
1118 1144 1742
 480 1284 1283
1283 1865  480
1659 1284  480
1115 1117  480
1865 1115  480
 480 1117 1659
1162 1161   83
1116 1115   83
  83 1115 1866
  83 1161 1116
  83 1502 1162
1269 1271   83
  83 1866 1269
1271 1502   83
1116 1117 1115
1866 1115 1865
1091 1687 1912
1874 1090 1879
1088 1090  381
1299 1088  381
 381 1090 1874
 381 1874 1299
1089 1088  294
 294 1088 1300
1417 1089  294
1300 1732  294
1732 1417  294
1089 1090 1088
1300 1088 1299
1357 1086 1854
696 698 424
 424 1357  696
 424  698 1168
1168 1908  424
1084 1086  424
1908 1084  424
 424 1086 1357
1201 1200  494
697 696 494
 696 1356  494
1200  697  494
1356 1201  494
697 698 696
 696 1357 1356
366 698 697
 366  697 1232
1167  698  366
1232 1167  366
1232  697 1200
1168  698 1167
1580 1579  194
 194 1579 1807
1085 1084  194
1084 1580  194
1807 1085  194
1085 1086 1084
1908 1580 1084
1145 1080 1262
1034 1540 1764
1710 1711  373
1764 1710  373
1032 1034  373
1711 1032  373
1034 1764  373
 924 1032 1711
895 897  81
1685  895   81
  81  897 1745
1270 1269   81
1269 1685   81
  81 1745 1270
682 818 907
681 683 396
1669  681  396
 683 1710  396
1746 1669  396
1710 1765  396
1765 1746  396
816 818 458
1574  816  458
682 681 458
 681 1670  458
458 818 682
1814 1574  458
1670 1814  458
682 683 681
1669 1670  681
210 925 924
 924 1711  210
210 683 682
682 907 210
 210 1711  683
210 907 925
 683 1711 1710
 631  817 1057
441 818 817
631 633 441
441 817 631
633 907 441
907 818 441
 530 1189 1244
1191  529 1350
529 531 485
1350  529  485
 485  531 1057
817 816 485
 485  816 1575
1057  817  485
1575 1350  485
1191 1193  229
 229 1190 1189
530 529 229
 229  529 1191
 229 1189  530
896 895 229
 895 1190  229
1193  896  229
530 531 529
806 807 481
1244  806  481
550 552 481
807 550 481
481 531 530
 530 1244  481
552 531 481
1057  531  552
1605 1607  352
1850 1605  352
551 550 352
 352  550 1850
1607  551  352
551 552 550
1850  550  807
965 967 452
452 552 551
551 965 452
1057  552  452
632 631 452
 631 1057  452
967 632 452
1607  965  551
632 633 631
923 925 171
992 923 171
171 633 632
171 632 992
925 633 171
992 632 967
925 907 633
 630 1605 1850
 628  603 1124
603 605  58
1124  603   58
605 864  58
  58  864 1176
  58 1176 1124
628 630  30
604 603  30
 30 603 628
781 604  30
 630 1850   30
 30 807 781
1850  807   30
604 605 603
123 605 604
604 782 123
863 605 123
 123  782 1295
1868  863  123
1295 1868  123
781 782 604
863 864 605
 306 1544 1543
629 628 306
 628 1124  306
1543  629  306
1124 1175  306
 306 1175 1544
629 630 628
1606 1605  429
1242 1241  429
 429 1241 1659
429 630 629
 629 1242  429
 429 1605  630
1659 1606  429
1543 1242  629
250 782 781
781 806 250
1245  782  250
 250  806 1245
781 807 806
1295  782 1245
1245  806 1244
817 818 816
1575  816 1574
 213 1090 1089
1089 1418  213
1879 1090  213
1418 1495  213
684 686 213
1495  684  213
 686 1879  213
1175 1176  137
1863 1175  137
1000 1002  137
685 684 137
 684 1000  137
1176  685  137
1002 1863  137
685 686 684
1495 1000  684
1393 1392   63
1392 1416   63
1957 1393   63
 63 864 863
  63  863 1957
 63 686 685
685 864  63
1416  686   63
1176  864  685
1416 1879  686
1957  863 1868
896 897 895
1685 1190  895
1288 1287  215
215 897 896
 215  896 1500
1287  897  215
 215 1500 1288
1500  896 1193
1745  897 1287
1033 1032   71
924 923  71
 71 923 999
  71 1032  924
  71  999 1152
1801 1033   71
  71 1152 1801
924 925 923
999 923 992
 492 1607 1606
 492 1117 1116
966 965 492
 492  965 1607
1116  966  492
1606 1117  492
966 967 965
346 967 966
 966 1161  346
992 967 346
999 992 346
1151  999  346
1161 1151  346
1116 1161  966
1152  999 1151
 162 1359 1358
711 712 162
 162 1358  711
 712 1105  162
1105 1591  162
 162 1002 1001
 162 1001 1359
1591 1002  162
1300 1299  227
640 642 227
1299  640  227
 642 1733  227
 227 1733 1300
641 640 161
 640 1874  161
161 712 641
1104  712  161
 161 1416 1104
 161 1879 1416
1874 1879  161
641 642 640
1299 1874  640
 873  515 1880
1418  514 1495
1001 1000   89
  89 1000 1495
514 516  89
1495  514   89
 516 1001   89
 402 1418 1417
 402 1417 1880
515 514 402
 402  514 1418
1880  515  402
515 516 514
547 549 170
873 547 170
 549 1359  170
170 516 515
170 515 873
1359  516  170
1359 1001  516
122 642 641
641 711 122
874 642 122
548 547 122
547 874 122
711 548 122
548 549 547
873 874 547
307 549 548
 548 1358  307
1358  549  307
 711 1358  548
1358 1359  549
641 712 711
 874 1733  642
1104 1105  712
1732 1733  359
1880 1732  359
359 874 873
 873 1880  359
 359 1733  874
1001 1002 1000
1591 1863 1002
1033 1034 1032
1445  935 1982
1744 1745   39
1287 1289   39
1745 1287   39
1289 1665   39
934 936  39
  39 1665  934
  39  936 1744
 134 1511 1510
1510 1982  134
935 934 134
 934 1511  134
1982  935  134
935 936 934
 934 1665 1511
1419 1421  405
1529 1419  405
 405 1421 1971
868 870 405
959 868 405
 870 1529  405
 405 1971  959
 754  703 1585
1430  702 1980
1328 1330  313
702 704 313
1980  702  313
 704 1238  313
1238 1328  313
1330 1980  313
  95 1430 1429
  95 1429 1706
703 702  95
  95  702 1430
1585  703   95
  95 1706 1585
703 704 702
754 756  70
 70 704 703
 70 703 754
1013  704   70
756 760  70
 760 1013   70
1013 1238  704
577 579 333
1079  577  333
 579 1373  333
1373 1079  333
1145 1144  409
1118 1120  409
 409 1144 1118
1120 1239  409
578 577 409
 577 1080  409
865 578 409
1239  865  409
 409 1080 1145
578 579 577
1079 1080  577
1156 1158  347
1585 1156  347
755 754 347
 754 1585  347
347 579 578
578 755 347
1158  579  347
865 755 578
1158 1373  579
755 756 754
314 756 755
314 755 865
759 756 314
1252  759  314
 865 1240  314
1240 1252  314
759 760 756
715 868 959
1569 1570  225
713 715 225
1698  713  225
715 959 225
 959 1569  225
1570 1698  225
 710 1444 1919
1012  659 1761
408 760 759
 408  759 1253
1012  760  408
657 659 408
1253  657  408
 408  659 1012
 624  937 1457
580 582 136
794 580 136
582 624 136
 624 1457  136
 136 1457  794
581 580 360
360 580 795
 360 1921  581
658 657 360
 360  657 1921
360 795 658
581 582 580
795 580 794
 153 1207 1206
153 582 581
 581 1775  153
623 582 153
 153 1206  623
 153 1775 1207
 581 1921 1775
623 624 582
938 937 293
833 835 293
293 624 623
623 833 293
293 937 624
 835 1849  293
1849  938  293
 623 1206  833
658 659 657
1921  657 1253
 284 1341 1340
708 710 284
532 534 284
1340  532  284
534 708 284
 710 1919  284
1919 1341  284
714 713 436
533 532 436
 436  532 1761
713 533 436
436 659 658
658 714 436
1761  659  436
533 534 532
1761  532 1340
1698 1699  265
1004 1003  265
265 534 533
 265  533 1698
 265 1003  534
1612 1004  265
1699 1612  265
1698  533  713
 534 1003  708
658 795 714
1003 1005  195
709 708 195
 708 1003  195
1483  709  195
1005 1587  195
1587 1483  195
709 710 708
 240 1445 1444
240 710 709
 709 1484  240
 240 1444  710
240 936 935
 240  935 1445
1484  936  240
1483 1484  709
714 715 713
869 868 357
795 794 357
 794 1456  357
357 715 714
714 795 357
357 868 715
1456  869  357
1253  759 1252
1012 1013  760
 794 1457 1456
1651 1652  185
1206 1205  185
 185 1205 1298
834 833 185
 833 1206  185
1652  834  185
1298 1651  185
834 835 833
 387 1735 1734
 387 1734 1822
1836 1735  387
387 835 834
 387  834 1836
1822  835  387
1836  834 1652
1822 1849  835
1239 1240  865
869 870 868
553 555 196
1797  553  196
555 993 196
 993 1137  196
1137 1797  196
100 870 869
554 553 100
 100  553 1798
869 554 100
1798  870  100
554 555 553
1798  553 1797
1456 1457  214
937 939 214
1457  937  214
214 555 554
 214  554 1456
939 555 214
1456  554  869
939 993 555
1798 1529  870
1744  936 1484
938 939 937
1474 1473  154
1473 1824  154
901 903 154
 154 1960  901
 903 1474  154
 154 1824 1960
1525  838 1847
827 829 442
1390  827  442
 442  829 1763
1525 1390  442
839 838 442
 442  838 1525
1325  839  442
 442 1763 1325
 42 939 938
828 827  42
 827 1391   42
938 828  42
 42 993 939
  42 1138  993
1391 1138   42
828 829 827
1390 1391  827
172 829 828
 172  828 1849
1762  829  172
1822 1762  172
 172 1849 1822
1849  828  938
1763  829 1762
 418 1136 1135
1135 1974  418
779 780 418
 418 1974  779
418 780 839
 839 1136  418
634 636 221
1256  634  221
 636 1960  221
1743 1256  221
1960 1743  221
635 634 432
 432  634 1257
432 780 635
838 780 432
1847  838  432
 432 1257 1847
635 636 634
1257  634 1256
902 901 205
205 636 635
635 779 205
901 636 205
 779 1961  205
1312  902  205
1961 1312  205
635 780 779
 901 1960  636
 779 1974 1961
839 780 838
1325 1136  839
902 903 901
  33 1642 1641
 33 903 902
 902 1313   33
1641  903   33
1313 1788   33
1859 1642   33
  33 1788 1859
1312 1313  902
1641 1474  903
 959 1971 1569
 993 1138 1137
1004 1005 1003
 451 1005 1004
1004 1613  451
1802 1005  451
 451 1541 1540
 451 1034 1033
1033 1802  451
 451 1540 1034
1613 1541  451
1612 1613 1004
1802 1587 1005
1340 1339  142
1339 1979  142
1761 1340  142
 142 1013 1012
1012 1761  142
 142 1238 1013
1979 1238  142
1801 1802 1033
1075 1092 1996
1953 1952  351
1074 1075  351
1754 1074  351
1075 1996  351
1952 1754  351
1996 1953  351
  24 1080 1079
1079 1657   24
1262 1080   24
1015 1014   24
1014 1262   24
1657 1015   24
 971 1658 1968
1356 1357  129
867 866 129
866 969 129
946 867 129
 129 1854  946
 129  969 1356
1357 1854  129
 851 1074 1754
849 851 146
730 732 146
1215  730  146
732 849 146
 851 1754  146
 146 1754 1215
731 730 200
 730 1216  200
1374  731  200
1216 1772  200
1609 1374  200
 200 1772 1609
731 732 730
1215 1216  730
  28 1415 1414
  28 1279 1278
 28 732 731
 731 1375   28
1278  732   28
1414 1279   28
  28 1375 1415
1374 1375  731
1278  849  732
1278 1277  231
850 849 231
 231  849 1278
866 850 231
968 866 231
1277  968  231
850 851 849
399 851 850
399 850 867
 399 1074  851
867 947 399
 947 1074  399
867 850 866
968 969 866
946 947 867
970 972 440
1853  970  440
 972 1092  440
440 947 946
 946 1853  440
 440 1075  947
 440 1092 1075
 946 1854 1853
 947 1075 1074
 287 1348 1347
1347 1915  287
958 957 287
 957 1348  287
1915  958  287
649 651 184
957 649 184
 651 1276  184
1757  957  184
1276 1305  184
1305 1757  184
1582  566 1900
 565 1095 1097
1696 1695  211
1096 1095  211
565 567 211
 211 1095  565
 567 1704  211
1695 1096  211
1704 1696  211
566 565  13
 565 1097   13
1900  566   13
  13 1097 1201
 13 969 968
 968 1900   13
1201  969   13
566 567 565
 528  958 1915
1820 1821  189
1915 1820  189
526 528 189
 189 1582  526
 528 1915  189
189 567 566
 189  566 1582
1703  567  189
1821 1703  189
  88 1399 1398
527 526  88
 526 1399   88
1398  527   88
527 528 526
 526 1582 1399
650 649  45
 45 649 958
  45 1372  650
 45 528 527
 527 1599   45
 45 958 528
1599 1372   45
1398 1599  527
1703 1704  567
650 651 649
958 649 957
 85 651 650
 650 1371   85
1275  651   85
1454 1275   85
1371 1454   85
 650 1372 1371
1275 1276  651
1757 1348  957
1277 1900  968
1356  969 1201
1404 1403  340
928 930 340
1014  928  340
 930 1259  340
 340 1403 1014
 340 1259 1404
971 970   0
929 928   0
   0  928 1015
970 929   0
   0 1658  971
   0 1015 1658
929 930 928
1015  928 1014
767 766 462
 766 1109  462
1620  767  462
1109 1991  462
1995 1620  462
1991 1995  462
 930  725 1259
1853 1854  404
 404 1086 1085
404 930 929
 404  929 1853
726 725 404
404 725 930
1085  726  404
1854 1086  404
768 769 415
1400  768  415
 769 1542  415
538 540 415
1542  538  415
415 540 767
 767 1400  415
539 538 217
 538 1468  217
725 539 217
1259  725  217
1125 1127  217
1468 1125  217
1127 1259  217
539 540 538
1542 1468  538
193 540 539
193 539 726
766 540 193
 193  726 1807
1108  766  193
1807 1108  193
726 539 725
767 540 766
1807  726 1085
1108 1109  766
1620 1400  767
 543 1603 1655
541 543  78
 78 769 541
 543 1655   78
  78 1558  769
  78 1655 1558
1229 1231  259
542 541 259
541 768 259
1231  542  259
 768 1229  259
542 543 541
541 769 768
 403 1604 1603
403 543 542
 542 1505  403
 403 1603  543
1505 1569  403
1569 1971  403
1971 1604  403
1231 1505  542
1400 1229  768
 769 1558 1542
1853  929  970
971 972 970
 143 1688 1687
143 972 971
 971 1968  143
1091  972  143
 143 1687 1091
1889 1688  143
1968 1889  143
1091 1092  972
1014 1403 1262
1658 1015 1657
1373 1657 1079
1417 1418 1089
1631 1633  300
 300 1713 1631
 300 1633 1953
544 546 300
1953  544  300
 300  546 1521
1521 1713  300
 191 1092 1091
1091 1912  191
1996 1092  191
545 544 191
 191  544 1996
1912  545  191
545 546 544
1996  544 1953
 331 1628 1627
331 546 545
 331  545 1944
1520  546  331
 331 1627 1520
1895 1628  331
1944 1895  331
1944  545 1912
1521  546 1520
 690 1167 1232
1168 1167  163
690 692 163
 163 1167  690
 692 1211  163
1211 1168  163
691 690  86
 690 1232   86
1095  691   86
1097 1095   86
1200 1097   86
1232 1200   86
691 692 690
 87 692 691
  87  691 1096
  87 1212  692
  87 1096 1776
1593 1212   87
1776 1593   87
1096  691 1095
 692 1212 1211
1776 1096 1695
1201 1097 1200
1392 1394  248
 248 1105 1104
1104 1392  248
1590 1105  248
1394 1590  248
1104 1416 1392
1590 1591 1105
1579 1581  412
 412 1109 1108
1108 1579  412
1686 1109  412
1581 1686  412
1807 1579 1108
1686 1991 1109
1659 1117 1606
 411 1327 1326
 411 1326 1789
1742 1327  411
 411 1740 1739
1119 1118  411
1118 1742  411
1739 1119  411
 411 1789 1740
1119 1120 1118
556 558  34
1610  556   34
  34  558 1739
1739 1610   34
1600 1602  497
 497 1964 1600
1602 1651  497
557 556 497
 497  556 1611
 497 1651  557
 497 1611 1755
1755 1964  497
557 558 556
1611  556 1610
1298 1297  110
 110 1120 1119
110 558 557
 557 1298  110
1119  558  110
1297 1120  110
 557 1651 1298
1739  558 1119
1297 1239 1120
1124 1176 1175
1126 1125  140
1125 1469  140
 140 1355 1126
1615 1355  140
1469 1615  140
1126 1127 1125
1468 1469 1125
1042 1327 1742
808 810 310
 310 1963  808
 810 1251  310
 310 1251 1963
1663 1662  149
1662 1940  149
809 808 149
 808 1663  149
1326  809  149
1314 1316  149
1940 1314  149
1316 1326  149
809 810 808
 808 1963 1663
1828 1830  487
800 802 487
1549  800  487
 802 1355  487
1355 1828  487
1830 1549  487
801 800 232
 232  800 1550
761 763 232
 232 1251  761
763 801 232
1766 1251  232
1550 1766  232
376 810 809
 809 1327  376
762 761 376
761 810 376
1042  762  376
 376 1327 1042
762 763 761
 761 1251  810
1403 1405   19
 19 763 762
 762 1043   19
1405  763   19
  19 1043 1145
1145 1262   19
1262 1403   19
1042 1043  762
1405  801  763
801 802 800
1550  800 1549
 141 1405 1404
 141 1127 1126
141 802 801
 141  801 1405
1126  802  141
1404 1127  141
1126 1355  802
1326 1327  809
 426 1043 1042
1042 1742  426
1144 1043  426
1742 1144  426
1145 1043 1144
1404 1259 1127
1137 1882 1797
1391 1636 1138
1162 1151 1161
1801 1152 1501
1131 1275 1454
 509 1053 1323
508 510 489
 489 1856  508
 489  510 1776
1695 1697  489
1776 1695  489
1697 1950  489
 489 1950 1856
1052 1053  472
1630 1052  472
509 508 472
 508 1630  472
 472 1053  509
509 510 508
 508 1856 1630
1236 1235  470
 470 1235 1593
1323 1236  470
470 510 509
 509 1323  470
1593  510  470
1776  510 1593
1790 1791  271
 271 1878 1790
 271 1324 1323
926 927 271
 271 1053  926
 271  927 1878
1323 1053  271
1791 1324  271
 916 1052 1630
 914 1178 1481
 416 1179 1178
914 916 416
 416 1178  914
 916 1630  416
1856 1179  416
1630 1856  416
 268 1361 1360
1305 1306  268
1360 1305  268
915 914 268
 914 1481  268
 268 1306  915
 268 1481 1361
915 916 914
 663 1133 1721
 388 1276 1275
1131 1133  388
 388 1275 1131
663 665 388
 388 1133  663
 665 1306  388
 388 1306 1276
664 663  43
 663 1721   43
 43 927 664
1877  927   43
1721 1877   43
664 665 663
212 916 915
212 665 664
664 926 212
915 665 212
 212 1052  916
 926 1052  212
664 927 926
 915 1306  665
 926 1053 1052
1878  927 1877
 301 1890 1889
1132 1131  301
1131 1454  301
1706 1132  301
 301 1454 1890
1157 1156  301
1156 1706  301
1889 1157  301
1132 1133 1131
1470 1471   16
  16 1980 1470
739 741  16
1471  739   16
 741 1430   16
1430 1980   16
740 739 120
 739 1985  120
1985  740  120
740 741 739
1471 1985  739
298 741 740
 740 1886  298
1429  741  298
 298 1133 1132
1132 1429  298
1721 1133  298
1886 1721  298
1985 1886  740
1429 1430  741
1706 1429 1132
1157 1158 1156
1585 1706 1156
1658 1657  256
 256 1158 1157
 256 1157 1968
 256 1373 1158
 256 1657 1373
1968 1658  256
1968 1157 1889
1162 1502 1501
1325 1763 1163
1734 1735 1164
1211 1908 1168
1856 1950 1179
1192 1191  356
1191 1350  356
 356 1691 1192
1350 1691  356
1192 1193 1191
 392 1289 1288
1093 1094  392
1288 1093  392
 392 1094 1666
 392 1666 1289
1670 1065 1814
1665 1666   99
1064 1066   99
1666 1064   99
1066 1070   99
1070 1511   99
1511 1665   99
1575 1574  327
911 913 327
1574  911  327
 913 1691  327
 327 1691 1575
912 911   2
   2  911 1814
   2 1094  912
1065 1064    2
1064 1094    2
1814 1065    2
912 913 911
1814  911 1574
 228 1193 1192
228 913 912
 912 1093  228
1192  913  228
1093 1500  228
1500 1193  228
 912 1094 1093
1192 1691  913
1065 1066 1064
1666 1094 1064
 348 1670 1669
1669 1747  348
 348 1066 1065
 348 1065 1670
1069 1066  348
1667 1069  348
 348 1747 1667
1069 1070 1066
 349 1597 1596
 349 1070 1069
1069 1668  349
1510 1070  349
1596 1510  349
1668 1597  349
1667 1668 1069
1510 1511 1070
1288 1500 1093
1203 1204 1202
1241 1243  113
1284 1241  113
 113 1243 1255
 113 1204 1203
1203 1284  113
 113 1255 1204
1283 1284 1203
1206 1207 1205
1298 1205 1297
1207 1775 1774
1593 1235 1212
 186 1633 1632
 186 1216 1215
1215 1952  186
 186 1632 1216
1952 1633  186
1578 1509 1221
1225 1226 1224
1122 1535 1646
1513 1029 1884
1498 1027 1507
1506 1507  289
 289 1513 1506
1027 1029  289
1507 1027  289
 289 1029 1513
 394 1498 1497
1497 1708  394
1028 1027  394
 394 1027 1498
1450 1028  394
1455 1450  394
1708 1455  394
1028 1029 1027
 599 1028 1450
 598 1397 1598
843 845 368
1450  843  368
597 599 368
845 597 368
 599 1450  368
1396 1397  127
1121 1123  127
598 597 127
 127  597 1121
 127 1397  598
 127 1123 1296
 127 1296 1396
598 599 597
1121  597  845
 386 1029 1028
386 599 598
 598 1598  386
 386 1028  599
1884 1029  386
 386 1598 1694
1694 1941  386
1941 1884  386
844 843 478
 478  843 1455
 478 1756  844
 478 1455 1709
1709 1756  478
844 845 843
1455  843 1450
1536 1535  467
1122 1121  467
467 845 844
 844 1536  467
1121  845  467
 467 1535 1122
 844 1756 1536
1122 1123 1121
 942 1263 1811
 940  858 1434
1435 1434   55
858 860  55
1434  858   55
  55  860 1857
1857 1435   55
940 942 317
859 858 317
317 858 940
1296  859  317
 942 1811  317
1811 1296  317
859 860 858
1646 1645  369
 369 1123 1122
1122 1646  369
369 860 859
 859 1123  369
1645  860  369
1296 1123  859
1857  860 1645
1434 1436  258
941 940 258
 940 1434  258
1233  941  258
 258 1226 1225
1225 1233  258
1436 1226  258
941 942 940
 206 1264 1263
206 942 941
 941 1234  206
 206 1263  942
1234 1264  206
1233 1234  941
1927 1233 1225
  27 1674 1673
  27 1673 1758
1230 1229   27
  27 1229 1400
1758 1230   27
  27 1400 1620
  27 1620 1674
1230 1231 1229
 279 1231 1230
 279 1230 1773
 279 1505 1231
 279 1570 1505
 279 1699 1570
1773 1699  279
1773 1230 1758
1927 1928  236
 236 1234 1233
 236 1233 1927
1994 1234  236
 236 1928 1947
1947 1994  236
1994 1264 1234
1323 1324 1236
1979 1328 1238
1774 1252 1240
1242 1243 1241
1659 1241 1284
  47 1243 1242
  47 1242 1543
1254 1243   47
  47 1517 1254
1543 1517   47
1255 1243 1254
1249 1250 1248
1682 1683  145
 145 1250 1249
 145 1249 1682
1683 1250  145
1925 1250 1683
1963 1251 1766
1254 1517 1516
1743 1515 1256
1270 1271 1269
1269 1866 1685
 280 1271 1270
1270 1744  280
 280 1573 1271
 280 1484 1483
 280 1483 1573
1744 1484  280
1270 1745 1744
1271 1573 1502
1273 1272  117
1272 1464  117
 117 1402 1273
1795 1402  117
1464 1795  117
1273 1274 1272
 305 1274 1273
1273 1401  305
 305 1995 1274
1401 1674  305
1674 1995  305
1273 1402 1401
1274 1995 1991
1276 1306 1305
1278 1279 1277
1512 1513   12
1981 1512   12
1513 1884   12
1281 1280   12
1280 1981   12
1884 1281   12
1281 1282 1280
1568 1981 1280
 463 1282 1281
 463 1281 1941
 463 1977 1282
 463 1941 1951
1951 1977  463
1941 1281 1884
1530 1531  207
1353 1352  207
 207 1352 1530
1726 1353  207
 207 1286 1285
1285 1726  207
1531 1286  207
1440 1726 1285
1531 1568 1286
1288 1289 1287
1289 1666 1665
1331 1868 1295
1300 1733 1732
1924 1303 1508
1714 1304 1586
1360 1757 1305
1409 1187 1930
1159 1160  312
 312 1969 1159
1160 1518  312
1518 1938  312
 312 1938 1969
 118 1781 1780
1098 1100  118
1446 1098  118
1100 1781  118
1780 1446  118
1186 1041 1784
1186 1188   29
1040 1041   29
1717 1040   29
  29 1041 1186
  29 1188 1551
  29 1551 1717
 449 1313 1312
987 988 449
1312  987  449
 449  988 1592
 449 1592 1313
 984 1040 1717
 974  986 1087
984 986  59
  59 1040  984
974 973  59
 973 1040   59
 59 986 974
1100  879 1781
878 880 252
 252 1787  878
880 987 252
 252  987 1961
1974 1787  252
1961 1974  252
1477 1476  343
 343 1476 1519
625 627 343
 343 1160  625
 627 1477  343
 343 1519 1160
626 625 241
 625 1159  241
1780  626  241
654 656 241
1159  654  241
241 656 974
 974 1087  241
 241 1087 1780
626 627 625
 625 1160 1159
413 627 626
 626 1781  413
 413 1654  627
879 878 413
 878 1654  413
1781  879  413
1780 1781  626
 627 1654 1477
 325 1554 1553
1422 1424  325
 325 1553 1422
655 654 325
 654 1969  325
1424  655  325
1969 1554  325
655 656 654
1159 1969  654
419 656 655
 655 1707  419
973 656 419
 419 1041  973
1784 1041  419
1707 1784  419
1424 1707  655
974 656 973
879 880 878
 878 1787 1654
 237 1100 1099
237 880 879
 237  879 1100
237 988 880
1099  988  237
880 988 987
 973 1041 1040
985 984 155
 984 1717  155
1769  985  155
1616 1617  155
1717 1616  155
1617 1769  155
985 986 984
 846 1098 1446
1099 1098   97
846 848  97
  97 1098  846
 848 1858   97
1592 1099   97
1788 1592   97
1858 1788   97
 60 986 985
847 846  60
 846 1446   60
985 847  60
1087  986   60
1446 1087   60
847 848 846
1427 1428  112
 112 1875 1427
112 848 847
 112  847 1769
1428  848  112
 112 1769 1875
1769  847  985
1428 1858  848
1961  987 1312
1592  988 1099
1780 1087 1446
1099 1100 1098
1160 1519 1518
1931 1930  358
1187 1186  358
1186 1784  358
1930 1187  358
 358 1784 1931
1187 1188 1186
1720 1719  500
1076 1078  500
 500 1692 1076
1078 1913  500
 500 1719 1692
1913 1720  500
1317  716 1493
 272 1494 1493
716 718 272
1493  716  272
 718 1692  272
1692 1494  272
1267 1268   57
1317 1267   57
1268 1616   57
717 716  57
  57  716 1317
1551  717   57
1616 1551   57
717 718 716
 148 1188 1187
 148 1187 1409
1077 1076  148
148 718 717
 717 1188  148
1076  718  148
1409 1077  148
1551 1188  717
1076 1692  718
1077 1078 1076
1006 1642 1859
 961 1838 1948
1837  862 1852
1913 1914   90
862 861  90
  90  861 1913
1852  862   90
  90 1989 1852
  90 1914 1989
1859 1858  105
783 784 105
 105 1428  783
 784 1006  105
1006 1859  105
 105 1858 1428
 736 1318 1388
736 738 277
 277 1318  736
 738 1267  277
 277 1267 1318
 784  638 1006
372 961 960
637 639 372
372 960 637
 639 1258  372
 372 1838  961
 372 1258 1838
906 905 475
 475  905 1537
638 637 475
637 906 475
1006  638  475
 475 1642 1006
1537 1642  475
638 639 637
637 960 906
1009 1011    8
1427 1009    8
595 596   8
1011  595    8
596 783   8
 783 1427    8
 675  562 1918
1916 1918   82
562 564  82
1918  562   82
564 595  82
  82  595 1916
675 677 390
563 562 390
390 562 675
 390 1258  563
390 677 862
 390  862 1837
1837 1258  390
563 564 562
474 639 638
474 638 784
474 564 563
563 639 474
474 596 564
474 784 596
 563 1258  639
564 596 595
1916  595 1011
596 784 783
 179 1918 1917
676 675 179
 675 1918  179
1388  676  179
737 736 179
 736 1388  179
1917  737  179
676 677 675
104 677 676
 104  676 1389
861 677 104
1720  861  104
1389 1594  104
 104 1594 1720
1389  676 1388
862 677 861
737 738 736
1010 1009   17
1009 1875   17
 17 738 737
 737 1010   17
  17 1268  738
  17 1617 1268
1875 1617   17
1917 1010  737
 738 1268 1267
 783 1428 1427
1913  861 1720
 881 1077 1409
 245 1078 1077
881 883 245
 245 1077  881
 883 1993  245
 245 1914 1078
1993 1914  245
1475  678 1997
678 680 316
1997  678  316
 316  680 1931
 316 1424 1423
 316 1423 1560
 316 1707 1424
1560 1937  316
1931 1707  316
1937 1997  316
 173 1475 1474
 173 1474 1641
679 678 173
 173  678 1475
1537  679  173
1641 1537  173
679 680 678
882 881 350
 881 1409  350
905 882 350
350 680 679
679 905 350
1930  680  350
1409 1930  350
1537  905  679
1931  680 1930
882 883 881
 778 1948 1965
 883  776 1993
776 778  61
1993  776   61
 778 1965   61
1965 1989   61
1989 1993   61
 40 883 882
 40 882 906
777 776  40
 40 776 883
960 777  40
906 960  40
777 778 776
473 778 777
777 961 473
 473 1948  778
 961 1948  473
960 961 777
906 882 905
1010 1011 1009
1427 1875 1009
1917 1916  130
 130 1011 1010
 130 1010 1917
1916 1011  130
1078 1914 1913
1838 1258 1837
1318 1267 1317
1268 1617 1616
1301 1640 1835
1315 1265 1782
1218 1451 1990
1576 1214 1637
1141 1213 1888
1308 1307  420
1307 1637  420
1214 1213  420
1141 1143  420
 420 1213 1141
1143 1308  420
1637 1214  420
1142 1141   49
1141 1888   49
1903 1142   49
  49 1888 1903
1142 1143 1141
1901 1902   22
  22 1143 1142
1142 1901   22
  22 1799 1143
1902 1799   22
1903 1901 1142
1143 1799 1308
1195 1799 1902
1934 1933  266
1172 1174  266
 266 1933 1172
1174 1223  266
1223 1998  266
1998 1934  266
1705 1169 1867
1169 1171  224
1867 1169  224
1171 1629  224
1548 1547  224
 224 1547 1998
1629 1548  224
 224 1998 1867
1425 1426  190
 190 1504 1425
1016 1018  190
 190 1426 1016
1018 1504  190
1806 1805  391
1128 1130  391
1017 1016  391
1016 1128  391
 391 1805 1017
1130 1806  391
1017 1018 1016
1016 1426 1128
1309 1311   56
1217 1219   56
  56 1018 1017
1017 1217   56
1311 1018   56
1219 1309   56
1017 1805 1217
1311 1504 1018
1462 1107 1984
1101 1978 2001
1101 1103  353
 353 1978 1101
1103 1237  353
 353 1237 1864
 353 1864 1939
 353 1939 1978
1611 1610  476
1610 1740  476
1039 1038  476
1038 1611  476
1265 1039  476
1782 1265  476
1740 1782  476
1035 1037  175
1197 1035  175
1037 1332  175
 175 1332 1197
 980 1808 1984
1107 1106  397
1106 1966  397
1984 1107  397
978 980 397
1935  978  397
 980 1984  397
1966 1935  397
 931  978 1935
 875 1809 1891
1622  857 1700
1622 1621  204
 204 1621 1755
855 857 204
1038  855  204
 204  857 1622
1755 1038  204
856 855 270
 270  855 1039
 270 1725  856
 270 1039 1266
1266 1725  270
856 857 855
1039  855 1038
 450 1584 1583
 450 1583 1701
617 619 450
 450 1701  617
 619 1584  450
618 617 219
 617 1700  219
1643  618  219
219 857 856
 856 1643  219
1700  857  219
618 619 617
 617 1701 1700
282 619 618
 282  618 1644
 282 1946  619
1644 1809  282
875 877 282
 282 1809  875
 877 1946  282
1644  618 1643
 619 1946 1584
 856 1725 1643
 979  814 1891
979 978 469
931 933 469
469 978 931
815 814 469
469 814 979
933 815 469
1724  804 1881
1363 1362   96
535 537  96
1362  535   96
 96 537 815
  96  815 1363
803 805 430
1722  803  430
536 535 430
 535 1722  430
805 536 430
536 537 535
1362 1722  535
167 537 536
 536 1260  167
814 537 167
1891  814  167
876 875 167
 875 1891  167
1260  876  167
 805 1260  536
815 537 814
 751 1533 1881
 180 1534 1533
751 753 180
 180 1533  751
 753 1959  180
 180 1959 1534
962 964 218
804 803 218
803 962 218
1881  804  218
 964 1332  218
752 751 218
 751 1881  218
 218 1332  752
752 753 751
 124 1037 1036
 124 1036 1261
124 753 752
 752 1037  124
1503  753  124
1261 1425  124
1425 1503  124
 752 1332 1037
1503 1959  753
804 805 803
1722  962  803
370 805 804
 370  804 1724
 370 1260  805
1139 1140  370
1724 1139  370
 370 1140 1260
1363  815  933
876 877 875
1170 1169  302
 302 1169 1705
559 561 302
1705  559  302
 561 1139  302
1139 1170  302
1102 1101  285
1101 2001  285
560 559 285
 559 1102  285
 285 2001  560
560 561 559
1705 1102  559
201 561 560
 560 1987  201
 201 1140  561
201 877 876
 876 1140  201
 201 1987  877
 560 2001 1987
 561 1140 1139
1260 1140  876
 877 1987 1946
932 931 406
 931 1935  406
1932  932  406
1933 1932  406
 406 1832 1831
1831 1933  406
1935 1832  406
932 933 931
889 891 126
 126 1753  889
 126  891 1548
1548 1962  126
 126 1962 1753
 108 1219 1218
1218 1990  108
1608 1219  108
890 889 108
 889 1608  108
904 890 108
 108 1461  904
1990 1461  108
890 891 889
 889 1753 1608
747 890 904
745 747  23
1386  745   23
747 904  23
 904 1460   23
  23 1460 1386
 303 1364 1363
303 933 932
746 745 303
 303  745 1387
932 746 303
1363  933  303
 303 1564 1364
1387 1564  303
746 747 745
1387  745 1386
468 891 890
468 747 746
 468  746 1932
468 890 747
1547  891  468
1934 1547  468
 468 1932 1934
1932  746  932
1548  891 1547
 904 1461 1460
1362 1364  192
 192 1722 1362
1364 1563  192
963 962 192
 192  962 1722
1563  963  192
963 964 962
 707 1035 1197
1538  705 1896
705 707 174
1896  705  174
 707 1197  174
174 964 963
 174  963 1896
1197  964  174
706 705  79
  79  705 1538
1261  706   79
  79 1426 1261
1129 1128   79
1128 1426   79
1538 1129   79
706 707 705
1036 1035  209
209 707 706
 706 1036  209
 209 1035  707
1261 1036  706
1896  963 1563
1197 1332  964
979 980 978
 385 1809 1808
385 980 979
 979 1891  385
 385 1808  980
1891 1809  385
1036 1037 1035
1755 1611 1038
1266 1039 1265
1102 1103 1101
1194 1196  160
 160 1223 1194
 160 1103 1102
 160 1102 1705
1196 1103  160
1867 1223  160
1705 1867  160
1196 1237 1103
1381  994 1835
1302 1301  164
1301 1835  164
1462 1302  164
994 996 164
1835  994  164
 164  996 1107
 164 1107 1462
1106  620 1966
1173 1172  106
1172 1831  106
1307 1173  106
606 608 106
1831  606  106
 608 1307  106
620 622 328
1966  620  328
607 606 328
 606 1832  328
622 607 328
 328 1832 1966
607 608 606
1831 1832  606
523 621 995
398 622 621
523 525 398
398 621 523
398 525 622
995 994 479
 479  994 1381
524 523 479
523 995 479
1381  524  479
524 525 523
274 608 607
274 525 524
 524 1382  274
607 525 274
 274 1637  608
1382 1576  274
1576 1637  274
1381 1382  524
622 525 607
 608 1637 1307
299 996 995
621 620 299
 299  620 1106
995 621 299
1106  996  299
621 622 620
995 996 994
1107  996 1106
1129 1130 1128
 116 1130 1129
 116 1129 1539
 116 1855 1130
1387 1386  116
1386 1855  116
 116 1539 1387
1539 1129 1538
1130 1855 1806
1724 1170 1139
1170 1171 1169
1533 1532  334
 334 1171 1170
 334 1170 1724
1532 1171  334
1881 1533  334
1724 1881  334
1532 1629 1171
1173 1174 1172
1172 1933 1831
1195 1194  159
 159 1174 1173
 159 1173 1308
1194 1174  159
 159 1799 1195
1308 1799  159
1308 1173 1307
1194 1223 1174
1195 1196 1194
748 750  11
1887  748   11
 750 1901   11
822 824  11
1903  822   11
 824 1887   11
  11 1901 1903
 583  748 1887
749 748 121
583 585 121
121 748 583
 585 1864  121
1864  749  121
584 583 235
 583 1887  235
836 584 235
 235 2000  836
 235 1887 2000
584 585 583
  3 585 584
584 837   3
1939  585    3
 837 1760    3
1410 1412    3
1760 1410    3
1412 1459    3
1459 1939    3
836 837 584
1939 1864  585
749 750 748
 471 1196 1195
1195 1902  471
 471 1237 1196
471 750 749
 749 1237  471
 471 1902  750
1864 1237  749
 750 1902 1901
823 822 182
 822 1888  182
1213  823  182
1888 1213  182
823 824 822
1903 1888  822
1576 1577   10
 10 824 823
  10  823 1214
2000  824   10
  10 1214 1576
  10 1577 1956
1956 2000   10
1214  823 1213
2000 1887  824
1208 1210  486
 486 1897 1208
486 837 836
 836 1956  486
1210  837  486
1956 1897  486
 836 2000 1956
1210 1760  837
1441 1443  431
 431 1421 1420
1153 1155  431
1420 1153  431
1155 1441  431
1604 1421  431
1443 1604  431
 616 1046 1351
1662  615 1940
 591 1314 1940
589 591 283
615 589 283
 591 1940  283
1940  615  283
590 589 168
589 616 168
1301  590  168
 616 1351  168
 168 1640 1301
1351 1640  168
590 591 589
615 616 589
1315 1314  362
362 591 590
 362  590 1302
 362 1314  591
 362 1302 1463
1266 1265  362
 362 1265 1315
1463 1266  362
1302  590 1301
1662 1664  425
1044 1046  425
1986 1044  425
425 616 615
 425  615 1662
 425 1046  616
1664 1986  425
1656  825 1883
1420 1419  322
791 793 322
646 648 322
1419  646  322
648 791 322
 322  793 1420
1882 1883  216
1798 1797  216
1797 1882  216
647 646 216
 216  646 1529
825 647 216
1883  825  216
 216 1529 1798
647 648 646
1529  646 1419
908 910 183
183 648 647
647 826 183
183 910 648
826 908 183
825 826 647
648 910 791
454 910 909
 909 1031  454
792 791 454
791 910 454
 454 1031  792
792 793 791
1154 1153  288
288 793 792
 792 1030  288
1153  793  288
 288 1030 1767
1767 1154  288
 792 1031 1030
1420  793 1153
371 826 825
 371  825 1656
371 943 826
1379  943  371
 371 1378 1377
1377 1379  371
 371 1656 1378
826 943 908
 909  666 1031
1664  612 1986
1030 1031  238
612 614 238
1986  612  238
 614 1030  238
666 668 238
1031  666  238
 238  668 1986
  36 1664 1663
1663 1963   36
613 612  36
  36  612 1664
  36 1766  613
1963 1766   36
613 614 612
 380 1768 1767
1550 1549  380
1549 1768  380
380 614 613
 613 1550  380
1767  614  380
 613 1766 1550
1767 1030  614
909 908  64
908 943  64
667 666  64
 64 666 909
997 667  64
  64  943 1380
1022  997   64
1380 1022   64
667 668 666
1045 1044  414
414 668 667
667 998 414
1044  668  414
 998 1045  414
997 998 667
1986  668 1044
909 910 908
1380  943 1379
 223 1210 1209
223 998 997
 997 1023  223
1209  998  223
 223 1023 1819
 223 1760 1210
1819 1760  223
1022 1023  997
1209 1045  998
1621 1623  446
1964 1621  446
 446 1623 1650
 446 1023 1022
1022 1431  446
1650 1023  446
1431 1860  446
1860 1964  446
1380 1431 1022
1819 1023 1650
1045 1046 1044
1209 1208  292
1208 1639  292
 292 1046 1045
 292 1045 1209
1351 1046  292
1639 1351  292
1154 1155 1153
 393 1830 1829
1829 1983  393
 393 1155 1154
1154 1768  393
 393 1983 1155
 393 1768 1830
1767 1768 1154
1155 1983 1441
1209 1210 1208
1208 1897 1639
1452 1451   26
1218 1217   26
1217 1805   26
  26 1451 1218
1805 1452   26
1218 1219 1217
1608 1309 1219
1867 1998 1223
1261 1426 1425
1463 1725 1266
1463 1302 1462
1310 1309  198
 198 1309 1608
1817 1310  198
1608 1753  198
1753 1817  198
1310 1311 1309
1503 1504  407
 407 1959 1503
 407 1311 1310
1310 1818  407
 407 1504 1311
1818 1959  407
1817 1818 1310
1315 1316 1314
 304 1316 1315
1315 1782  304
1789 1316  304
1782 1789  304
1789 1326 1316
1684 1322 1595
1976 1324 1791
1329 1328  456
 456 1328 1979
 456 1683 1329
1925 1683  456
1979 1925  456
1329 1330 1328
1329 1683 1682
1470 1980 1330
1486 1334 1485
1340 1341 1339
1342 1625 1624
1575 1691 1350
1639 1640 1351
1353 1354 1352
1615 1828 1355
1363 1364 1362
1364 1564 1563
1366 1367 1365
1709 1708  319
1369 1368  319
 319 1368 1709
1708 1369  319
1369 1370 1368
1890 1454 1371
1862 1372 1599
1433 1432   65
  65 1375 1374
  65 1374 1433
788 790  65
1432  788   65
 790 1375   65
 448 1480 1479
1479 1671  448
789 788 448
 788 1480  448
1671  789  448
789 790 788
1432 1480  788
1413 1415    4
1943 1413    4
  4 790 789
 789 1672    4
1415  790    4
   4 1672 1943
1671 1672  789
1415 1375  790
  54 1738 1737
1377 1376   54
1376 1738   54
1638 1377   54
1737 1638   54
1377 1378 1376
1376 1810 1738
1638 1379 1377
1378 1656 1526
 384 1640 1639
1639 1897  384
1835 1640  384
 384 1382 1381
1381 1835  384
 384 1577 1382
1897 1577  384
1382 1577 1576
1384 1383  400
1383 1923  400
1758 1384  400
1773 1758  400
 400 1613 1612
 400 1612 1773
 400 1634 1613
 400 1812 1634
 400 1923 1812
1384 1385 1383
1922 1923 1383
1401 1402  501
1673 1401  501
 501 1385 1384
1384 1673  501
 501 1402 1385
1758 1673 1384
 498 1391 1390
 498 1390 1526
 498 1636 1391
1526 1656  498
 498 1883 1636
1656 1883  498
1526 1390 1525
1393 1394 1392
1673 1674 1401
1404 1405 1403
1650 1649  428
1411 1410  428
 428 1410 1819
1649 1411  428
1819 1650  428
1411 1412 1410
1819 1410 1760
 341 1412 1411
 341 1411 1723
1458 1412  341
1583 1458  341
1723 1583  341
1723 1411 1649
1458 1459 1412
1414 1415 1413
1880 1417 1732
1420 1421 1419
1971 1421 1604
  35 1546 1545
1545 1559   35
1423 1422   35
1422 1546   35
1559 1423   35
1423 1424 1422
1422 1553 1546
1560 1423 1559
1425 1504 1503
1566 1565  330
1565 1783  330
1406 1408  330
1783 1406  330
 330 1408 1566
1407 1406  383
 383 1406 1949
1770 1407  383
 383 1949 1770
1407 1408 1406
1949 1406 1783
1523 1319 1848
 955 1825 1929
954 956 321
687 689 321
1898  687  321
689 954 321
 956 1898  321
 593 1777 1904
592 594 115
798 592 115
 594 1320  115
1653  798  115
688 687 115
 687 1653  115
1320  688  115
1778 1777  378
593 592 378
592 799 378
 378 1777  593
 378  799 1778
593 594 592
798 799 592
377 594 593
 593 1904  377
1319  594  377
1848 1319  377
1904 1848  377
1319 1320  594
688 689 687
1898 1653  687
  5 689 688
 688 1349    5
1759  689    5
   5 1349 1433
1433 1609    5
1609 1911    5
1911 1759    5
1320 1349  688
1759  954  689
1466 1465  326
1292 1293  326
 326 1465 1292
326 799 798
 798 1466  326
1293  799  326
1653 1466  798
1778  799 1293
1826 1825  157
955 954 157
 157  954 1759
 157 1825  955
1712 1713  157
1759 1712  157
 157 1713 1826
955 956 954
156 956 955
 955 1929  156
742 744 156
 156 1804  742
744 956 156
1929 1804  156
1793 1792  438
743 742 438
 742 1793  438
1618  743  438
 438 1661 1618
 438 1676 1661
 438 1792 1676
743 744 742
 742 1804 1793
320 744 743
 743 1619  320
 320 1898  744
 320 1467 1466
 320 1466 1653
1619 1467  320
 320 1653 1898
1618 1619  743
 744 1898  956
 286 1779 1778
1081 1083  286
 286 1293 1081
1083 1689  286
1778 1293  286
1689 1779  286
1082 1059 1333
1465 1467  273
1058 1060  273
 273 1945 1058
1060 1465  273
1467 1841  273
 273 1841 1945
 724 1675 1690
1749  723 1843
722 724 401
502 504 401
 401 1333  502
504 722 401
 724 1690  401
 401 1083 1082
1082 1333  401
 401 1690 1083
 434 1771 1770
785 787 434
503 502 434
502 785 434
1770  503  434
 787 1294  434
1294 1771  434
503 504 502
 502 1333  785
1489 1491  290
 290 1524 1489
290 504 503
 503 1949  290
 290 1491  504
1783 1524  290
1949 1783  290
1770 1949  503
 504 1491  722
  69 1491 1490
1490 1843   69
723 722  69
 722 1491   69
1843  723   69
723 724 722
1660 1661  365
1749 1660  365
1661 1675  365
365 724 723
 365  723 1749
 365 1675  724
786 785 318
 785 1333  318
1067  786  318
1715 1067  318
1059 1058  318
1058 1715  318
1333 1059  318
786 787 785
1294  670 1771
 324 1567 1566
669 671 324
1566  669  324
 671 1899  324
 324 1899 1567
  62 1408 1407
1407 1771   62
670 669  62
 669 1408   62
1771  670   62
670 671 669
1566 1408  669
733 735 329
 329 1294  733
329 671 670
 329  670 1294
735 671 329
 735 1899  671
447 787 786
 786 1068  447
734 733 447
733 787 447
1068  734  447
734 735 733
 733 1294  787
1565 1567  220
693 695 220
1567  693  220
 695 1337  220
1337 1524  220
 220 1524 1565
694 693 344
 693 1899  344
1588  694  344
344 735 734
 734 1588  344
 344 1899  735
694 695 693
1567 1899  693
482 695 694
 694 1336  482
1336  695  482
1588 1336  694
1336 1337  695
1068 1588  734
1067 1068  786
1059 1060 1058
1058 1945 1715
1082 1081  239
1081 1292  239
 239 1060 1059
 239 1059 1082
1292 1060  239
1292 1465 1060
1490 1489   15
  15 1337 1336
  15 1336 1588
1489 1337   15
1716 1490   15
  15 1068 1067
1067 1716   15
  15 1588 1068
1715 1716 1067
1082 1083 1081
1081 1293 1292
1083 1690 1689
1478 1480  484
 484 1523 1478
 484 1320 1319
 484 1319 1523
 484 1349 1320
1432 1349  484
 484 1480 1432
1489 1524 1337
1433 1349 1432
1770 1771 1407
1435 1436 1434
1857 1681 1435
1442  673 1499
1829 1828   93
672 674  93
  93 1615  672
 674 1829   93
  93 1828 1615
 243 1469 1468
 243 1468 1542
673 672 243
 672 1469  243
1499  673  243
1558 1499  243
1542 1558  243
673 674 672
 672 1615 1469
1442 1441   92
1441 1983   92
 92 674 673
  92  673 1442
  92 1983  674
 674 1983 1829
1442 1443 1441
  20 1443 1442
1442 1499   20
1603 1443   20
1499 1655   20
1655 1603   20
1603 1604 1443
1448 1449 1447
 295 1765 1764
 295 1449 1448
 295 1448 1765
1540 1449  295
1764 1540  295
1765 1448 1746
1540 1541 1449
1452 1453 1451
1460 1461  417
1855 1460  417
 417 1453 1452
 417 1452 1806
 417 1461 1453
1806 1855  417
1806 1452 1805
1709 1455 1708
 150 1459 1458
1458 1584  150
1978 1459  150
1584 1946  150
1946 1987  150
2001 1978  150
1987 2001  150
1583 1584 1458
1978 1939 1459
1466 1467 1465
1619 1841 1467
1474 1475 1473
1823 1824 1473
1479 1478  367
1478 1522  367
 367 1967 1479
1522 1967  367
1479 1480 1478
1478 1523 1522
1479 1967 1671
1488  720 1589
 222 1824 1823
719 721 222
1823  719  222
 721 1515  222
 222 1515 1743
1743 1824  222
1730 1729  109
1729 1958  109
720 719 109
 719 1730  109
1589  720  109
1958 1589  109
720 721 719
1823 1730  719
 437 1488 1487
437 721 720
 437  720 1488
1487  721  437
1487 1515  721
1490 1491 1489
1716 1843 1490
1493 1494 1492
1692 1719 1494
1497 1498 1496
1558 1655 1499
1505 1570 1569
1506 1513 1512
1596 1982 1510
1543 1544 1517
1871 1938 1518
1826 1713 1521
1751 1967 1522
1677 1678 1527
1800 1626 1528
1533 1534 1532
1534 1959 1818
1641 1642 1537
1613 1634 1541
1803 1559 1545
1998 1547 1934
1629 1962 1548
1830 1768 1549
1717 1551 1616
1553 1554 1552
1969 1938 1554
1556 1557 1555
1561 1562 1556
1936 1937 1560
1566 1567 1565
1570 1699 1698
1572 1958 1729
1956 1577 1897
1580 1581 1579
1720 1594 1719
1596 1597 1595
1601 1602 1600
1600 1964 1860
1728 1601 1727
1602 1652 1651
1606 1607 1605
1739 1740 1610
1773 1612 1699
1875 1769 1617
 278 1619 1618
1618 1660  278
 278 1841 1619
 278 1660 1750
1750 1841  278
1618 1661 1660
1622 1623 1621
1700 1701  226
 226 1623 1622
1622 1700  226
1649 1623  226
1723 1649  226
1701 1723  226
1650 1623 1649
1999 1869 1624
1910 1909  439
1909 1929  439
1825 1827  439
1929 1825  439
1627 1626  439
 439 1626 1800
1827 1627  439
 439 1800 1910
1627 1628 1626
1895 1796 1628
1632 1631  382
1631 1712  382
1772 1632  382
 382 1712 1911
1911 1772  382
1632 1633 1631
1631 1713 1712
1953 1633 1952
1636 1883 1882
1808 1809 1644
1646 1647 1645
1750 1660 1749
1661 1676 1675
1663 1664 1662
1746 1747 1669
 490 1672 1671
1671 1967  490
1942 1672  490
1751 1752  490
 490 1967 1751
1752 1942  490
1943 1672 1942
1786 1785   14
  14 1678 1677
1677 1786   14
  14 1752 1678
  14 1785 1752
1677 1796 1786
1678 1752 1751
1680 1681 1679
1889 1890 1688
1689 1894 1779
1951 1941 1694
1696 1697 1695
1905 1907   25
  25 1697 1696
1696 1905   25
1907 1697   25
1704 1905 1696
1907 1950 1697
1906 1905   67
  67 1704 1703
  67 1703 1926
  67 1905 1704
1926 1906   67
1926 1703 1821
1931 1784 1707
1764 1765 1710
1911 1712 1759
 422 1716 1715
1715 1945  422
 422 1843 1716
1750 1749  422
1749 1843  422
1945 1750  422
1718 1821 1820
1886 1877 1721
1730 1731 1729
1822 1734 1762
1737 1738 1736
1740 1789 1782
1960 1824 1743
1748 1997 1937
1945 1841 1750
1753 1962 1817
1778 1779 1777
1859 1788 1858
1790 1878 1842
1793 1794 1792
 107 1794 1793
1793 1804  107
1909 1794  107
 107 1804 1909
1910 1794 1909
1910 1800 1873
1816 1994 1947
1826 1827 1825
1829 1830 1828
1966 1832 1935
1947 1928 1833
1845 1846 1844
1852 1989 1965
1973 1970 1893
1906 1907 1905
1917 1918 1916
1934 1932 1933
